10	100315722	20.2218	rs603424
10	101219450	19	rs11190870
10	103086421	25.1549	rs11191548
10	112998590	74.0969	rs7903146
10	121577821	169.699	rs2981579
10	121586676	30	rs1219648
10	121589148	26.5229	rs2912774
10	121592803	75.699	rs2981582
10	122454932	26.0969	rs10490924
10	122455799	28.5229	rs3750848
10	122459759	23.3979	rs3793917
10	13113726	37.3979	rs1561570
10	35006503	24.699	rs11010067
10	46046326	25.5229	rs10993994
10	46070851	19	rs3123078
10	5214309	37.5229	rs17134585
10	59653595	62.3979	rs12356193
10	59709332	33.5229	rs1171615
10	59709780	22.5229	rs1171614
10	6055320	38	rs12722495
10	6068866	19.301	rs7090512
10	61961417	53.301	rs7090445
10	61963818	45.2218	rs10821936
10	61992400	18.1549	rs7089424
10	62020112	21.301	rs71508903
10	62638706	19.2218	rs10995251
10	62678726	19.3979	rs10995271
10	62685804	45.2218	rs10761659
10	63373396	20.5229	rs2393967
10	63374062	22.2218	rs7923609
10	63379150	34.2218	rs7910927
10	63402393	21.0458	rs7896783
10	68241124	34.5229	rs1900004
10	69223185	22	rs4746822
10	69333636	53.5229	rs16926246
10	69340132	19.3979	rs10159477
10	69340157	24.699	rs7072268
10	77641558	18.301	rs7071206
10	79081391	21.1549	rs704010
10	79976225	26.699	rs3923564
10	88263276	28	rs10509540
10	92703125	18.5229	rs1111875
10	94306584	19.3979	rs2274223
10	94942290	31	rs1799853
10	94974919	64.0458	rs1934963
10	94981296	78.5229	rs1057910
10	98387303	18.699	rs4345897
10	98388301	19.699	rs4539242
10	98388419	163.523	rs2147896
10	98399379	48	rs4488133
10	98406240	21.5229	rs17455577
10	99524480	54	rs4409764
10	99530544	20.0969	rs6584283
1	109274968	21.699	rs12740374
1	109275216	21.699	rs660240
1	109275684	169.699	rs629301
1	109809855	34.1549	rs10494112
1	109823461	23.301	rs484959
1	10986798	20	rs9430161
11	102199908	22	rs1894116
11	102820751	28.0458	rs11225434
11	102824377	33.2218	rs495366
11	1100037	33.1549	rs7934606
11	112214593	31.699	rs2250417
11	116714271	20.3979	rs4938303
11	116746524	33.5229	rs11216126
11	116776891	127.523	rs2160669
11	116778201	32.2218	rs964184
11	116783719	85.699	rs603446
11	116791863	58.699	rs651821
11	116792991	23.2218	rs662799
11	116851325	24.3979	rs10047462
11	117220893	27	rs236918
11	117661016	28.5229	rs10892151
11	118678873	29.5229	rs507080
11	121927189	57.301	rs1219414
11	1219991	49.699	rs35705950
11	123490689	23.3979	rs735665
1	113834946	32.301	rs2476601
11	14893332	19.5229	rs10741657
1	11778589	20.5229	rs12134663
1	11796321	103.398	rs1801133
11	18264227	52.5229	rs4638289
11	18301970	50.699	rs4353250
11	18303599	30	rs2403254
1	118312964	22.2218	rs9428104
11	18335723	36.699	rs4150581
11	18349351	110.523	rs4150642
11	18398259	21.3979	rs2896526
1	119667132	26.1549	rs1163251
11	2148913	22.5229	rs1004446
1	121538815	25.699	rs11249433
11	2160994	195.301	rs689
11	2191936	47.3979	rs7111341
11	243268	24.1549	rs505404
11	27662970	19.699	rs11030104
11	27704439	25.301	rs10767664
1	145711327	29	rs1471633
11	46721697	28.1549	rs3136441
11	47272248	88	rs10501320
11	47351874	21.301	rs2856656
1	149920979	31.301	rs11205277
1	149934520	22.3979	rs11205303
11	5008473	29	rs2445284
1	151372265	19.5229	rs2769264
1	151867362	18.2218	rs12566232
1	151886412	25.5229	rs6685187
1	151958169	37.3979	rs6693388
1	152090291	41.699	rs17646946
1	152110849	30.5229	rs11803731
1	152577542	29.1549	rs4085613
1	154453788	26.2218	rs4129267
1	154841877	20.699	rs13376333
1	155179017	18.2218	rs11264341
1	156285665	23	rs6684514
1	159001296	46.301	rs4657616
1	159204893	54.1549	rs2814778
1	159205564	21	rs12075
1	159302270	25.301	rs2251746
11	59456671	31	rs7943953
1	159679910	72.3979	rs16827466
1	159706381	20.3979	rs16842559
1	159709026	185.699	rs2794520
1	159714875	27.2218	rs3091244
1	159715346	20.3979	rs3093059
1	159721769	19.699	rs1341665
1	161230697	18.3979	rs4073054
11	61783884	93.699	rs174535
11	61784455	63	rs174536
11	61790331	146.155	rs102275
11	61802358	36.5229	rs174546
11	61803311	71.699	rs174547
11	61803876	84	rs174548
11	61803910	22	rs174549
11	61804006	23.1549	rs174550
11	61813163	21.699	rs174556
11	61828092	20.699	rs968567
11	61830500	62.5229	rs1535
11	61832870	54.3979	rs174574
11	61835765	20.5229	rs2727270
11	61838027	41.2218	rs174578
11	61872101	24.3979	rs174448
1	161976937	22.699	rs2340727
1	162115895	21.301	rs10494366
1	162143120	34	rs16857031
1	162163327	44.5229	rs12029454
1	162240820	32.1549	rs4657178
11	62419070	26	rs3741240
11	64566642	37.0458	rs2078267
11	64673448	30.699	rs506338
11	64696613	62.5229	rs504915
11	68433827	25.699	rs3736228
11	69078931	29.3979	rs35264875
1	169511985	50.3979	rs6427196
1	169522317	79.3979	rs2420371
1	169544768	25.699	rs1018827
1	169549811	21.699	rs6025
1	169594713	60.3979	rs6136
11	71456403	26.699	rs12785878
1	172084147	23	rs17346452
1	172893094	21.2218	rs9286879
1	177904075	18.699	rs574367
11	7946812	21.699	rs878860
1	182199750	19.301	rs1689800
1	184054395	30.699	rs1046934
11	86156833	25.0458	rs10792832
11	89415204	19.699	rs7130284
1	19514680	20.3979	rs10799824
1	196673103	40.301	rs800292
1	196677046	30.699	rs1329424
1	196685194	31.1549	rs1061147
1	196690107	108	rs1061170
1	196691131	46.699	rs10801555
1	196704863	31	rs1831282
1	196710325	75.699	rs10737680
1	196733680	63.5229	rs1329428
1	196917640	18.1549	rs4915559
1	197004053	29.301	rs12116643
1	197101646	29.699	rs10922162
1	197185891	18.5229	rs7410943
1	19845367	67.699	rs6426833
1	19901230	21.0458	rs4654925
1	200908434	32	rs7554511
1	205266862	20	rs1668873
1	205275825	26.3979	rs1172130
1	205669094	18.699	rs12409639
1	206766559	41.1549	rs3024505
1	207518704	23.2218	rs6656401
1	207630250	27.699	rs12034383
1	207767508	25.3979	rs11118555
12	110895818	23	rs10849915
12	110902439	119.046	rs10774610
12	11126493	18.699	rs1031391
12	111449855	18.301	rs739496
12	112379979	214.523	rs11066280
12	114364333	19	rs1895585
12	115398717	21.0458	rs1292011
12	120722812	304.398	rs2066938
12	120737721	95.301	rs2014355
12	120739469	21.699	rs3916
12	120987058	44.1549	rs7310409
12	121927677	37.2218	rs7961894
12	121957871	46	rs830124
12	124777047	31.2218	rs838880
1	21439960	49.699	rs1976403
1	21494497	19.5229	rs10799701
1	21496799	19.699	rs1697421
12	20864941	18.1549	rs2417940
12	21178615	314.222	rs4149056
12	21199381	89	rs1871395
12	21199607	66.699	rs12317268
12	21224625	20.2218	rs4149080
12	21225087	21.5229	rs4149081
12	21235687	20.0458	rs12829704
1	222098425	22.2218	rs873549
1	22384980	56.1549	rs6426749
12	242301	24.699	rs11613331
12	24617944	19.5229	rs17287293
12	246676	27	rs7969761
1	230159944	40.3979	rs4846914
1	231681096	35.3979	rs12042938
12	33424055	23.2218	rs7980799
12	40340400	27.699	rs34637584
12	40363526	20.5229	rs34778348
12	40398498	28.2218	rs11564258
12	40971838	26.699	rs1442190
1	247442297	19	rs10157379
1	248333561	23.1549	rs4481887
12	53334171	19.5229	rs2016266
12	55996852	25.0458	rs705702
12	56088396	26.5229	rs2292239
12	56469986	29.1549	rs2657880
12	56471272	34.699	rs2638315
12	56471554	18.2218	rs2657879
12	56519080	28.699	rs2694917
12	56752285	18.699	rs2277339
12	57133500	18.3979	rs11172113
12	57450266	24.699	rs3741414
12	6180053	20.699	rs1558324
12	65830681	20.699	rs2272046
12	65958046	31.1549	rs1351394
12	65964567	19	rs1042725
12	68106295	31.0458	rs7134599
12	7538538	25.5229	rs7136716
12	88559784	25.699	rs3782181
12	88934558	18.1549	rs12821256
12	93584728	34	rs11107116
13	113098517	46.699	rs10665
13	113098850	46	rs2181540
13	113105720	55.3979	rs561241
13	113118393	44.699	rs6041
13	113139535	18.5229	rs3211770
13	18737101	23.5229	rs9552416
13	43883789	20.699	rs3764147
13	50531198	45	rs3118905
13	50532652	23.699	rs3118906
13	74168185	19.301	rs12429889
13	95270511	22.0969	rs8002180
13	95318762	19	rs9302065
14	22533736	48.301	rs1154155
14	23392602	44.301	rs365990
14	55147918	187.699	rs2274273
14	63765668	56.5229	rs17101394
14	63767525	36.5229	rs4902243
14	63768838	86.1549	rs7157785
14	68567965	18.5229	rs999737
1	46866294	85.0969	rs6678639
1	46930490	60.699	rs9333029
1	46938514	31.301	rs9332998
14	73510230	18.2218	rs8018967
14	80984885	23.1549	rs12101261
14	92297047	20.0969	rs4900109
14	94378506	47.301	rs1303
14	94546047	40.3979	rs11160190
15	101018357	18.2218	rs930847
15	28090674	23.699	rs11855019
15	28120472	177	rs12913832
15	28268218	43	rs916977
15	28285036	19.699	rs1667394
1	53230210	27.5229	rs13375749
15	40411012	34.699	rs9635324
15	45349027	21.301	rs2453533
15	45360505	45	rs1153858
15	48099968	50	rs1834640
1	55038977	38.699	rs2479409
15	51325511	27.0969	rs2445762
1	55650832	19	rs72669744
15	58179780	26.5229	rs16939881
15	58388444	75.1549	rs35853021
15	58391167	46.1549	rs1532085
15	58401821	24	rs16940212
15	58431476	31.699	rs1800588
15	58434545	21.301	rs261334
15	60591082	19.1549	rs339969
15	62090956	19.3979	rs4502156
15	63130573	26.1549	rs2652822
15	63131540	87.699	rs1472631
15	67744514	22	rs12593813
15	69699078	18.3979	rs8026898
15	71352781	20.3979	rs12899618
15	73373165	19.3979	rs4489968
15	73927241	20.5229	rs3825942
15	73936854	83.5229	rs893818
15	74785026	25.5229	rs1378942
15	78513681	25.5229	rs8034191
15	78601997	65.699	rs1051730
15	83911404	19	rs11259933
15	83911830	34.699	rs11259936
15	88845674	26.3979	rs16942341
15	98651667	20.5229	rs2871865
16	113599	22.2218	rs11248850
16	15038251	31.301	rs2740
16	15046354	22.2218	rs4500751
16	15056976	24.301	rs2280018
16	16029602	18.699	rs924135
16	19922278	20.5229	rs12444979
16	20356368	72.0969	rs12917707
16	20397055	26.2218	rs12446492
16	20466152	26.301	rs6497490
16	20479736	19.699	rs1394678
16	248589	33.699	rs13339636
16	24991029	20	rs4787294
1	62560271	79.3979	rs2131925
16	260381	22.5229	rs13335629
16	264781	28.301	rs9924561
16	28506388	21	rs26528
16	28874338	19.699	rs7359397
16	31036758	33.301	rs10871454
16	31096368	30.0458	rs9923231
16	50069823	19.699	rs4785204
16	50685192	39.3979	rs9302752
16	50729867	208.222	rs2066847
16	50987892	21.699	rs1566045
16	52541995	20.2218	rs4784223
16	52565276	28	rs4784227
16	52590826	18.0458	rs3104767
16	53766842	22.3979	rs9940128
16	53769662	26.1549	rs1558902
16	53779538	109.301	rs8043757
16	53785981	50.699	rs11075990
16	53786615	20	rs9939609
16	53788739	79	rs7185735
16	53808996	21.301	rs12149832
1	65640261	20.1549	rs1892534
16	56954132	69.5229	rs173539
16	56956804	44	rs247617
1	65695778	61.3979	rs4420065
16	56959412	24.699	rs3764261
16	56971567	24	rs1532624
16	56978467	27.699	rs12708980
16	58588274	24.1549	rs7188697
16	58742410	20.699	rs4784054
16	58795886	23.5229	rs12709013
16	62066307	26	rs8050940
16	67894139	53.0969	rs16942887
16	68270489	29.699	rs8056893
16	72074194	40.1549	rs2000999
16	72080103	36	rs217181
1	67240275	160.097	rs11209026
16	81230992	23.699	rs6564851
1	68182033	44.5229	rs12407028
16	82617112	82.5229	rs3865188
16	82628663	164.155	rs4783244
16	82629683	47.2218	rs12051272
16	87845216	25.0458	rs8051149
16	88264518	21.2218	rs12447690
16	88298034	48.699	rs9938149
16	88774054	21.699	rs10445033
16	89641688	42.699	rs154657
16	89752324	61.0969	rs12931267
16	90000528	21.2218	rs4785763
17	16945436	23.0969	rs4561508
1	72346757	21.699	rs2815752
17	29376331	22	rs2138852
17	29387569	37.301	rs8076739
17	34266955	26	rs3091316
17	36463349	20.3979	rs4796217
17	39756124	37.3979	rs12946510
17	39905943	22.2218	rs2305480
17	39965740	20.5229	rs3894194
17	40000459	34.0458	rs4794822
17	42375526	21.2218	rs12942547
17	44148179	23.5229	rs227584
17	44164561	24	rs12602486
17	45637484	28	rs2942168
17	46003698	117.699	rs8070723
17	4921330	26	rs12602901
1	75640990	70.699	rs211718
1	75670261	77	rs7552404
1	75696204	171.699	rs4949874
1	75750645	99.2218	rs11161521
17	63486097	19.0969	rs4329
17	63488670	37	rs4343
17	63492371	21.3979	rs4351
17	63496400	21	rs4362
17	63889105	24.301	rs2665838
17	7012082	22.699	rs2271316
17	70189445	18.699	rs8080944
17	7618597	105.699	rs12150660
17	7631360	45.5229	rs6258
17	7642403	24	rs1641537
17	7668434	21.3979	rs78378222
17	7674797	20.699	rs1625895
18	12809341	25.5229	rs1893217
18	23147647	29.3979	rs4800452
1	85331427	40	rs28489187
18	60161902	18.0969	rs6567160
18	60172536	41.2218	rs571312
18	60183189	35.699	rs538656
18	60184530	26.699	rs10871777
18	60185715	21.5229	rs11152213
18	60191596	20.3979	rs8089364
18	62414860	20.0969	rs3018362
19	10284116	120	rs1799969
19	10285007	88.2218	rs5498
19	10286727	22.3979	rs3093030
19	11091630	201.301	rs6511720
19	11100236	23.0458	rs2228671
19	1124032	21.0969	rs2024092
19	12899706	44.2218	rs8012
19	12913436	19.0969	rs741702
19	15879621	23.0458	rs2108622
19	17323284	23.1549	rs77331626
19	19296909	76.3979	rs10401969
19	39248147	29.699	rs12979860
19	39252525	20	rs8099917
19	40857860	41.3979	rs8102683
19	44744370	50.5229	rs4803750
19	44873027	38.301	rs519113
19	44892009	88.0969	rs157580
19	44906745	18.301	rs769449
19	44908822	52.5229	rs7412
19	44912383	22.301	rs445925
19	44919330	18.5229	rs12721054
19	44919689	25.699	rs4420638
1	94587797	51.2218	rs12029080
19	47862266	92	rs296396
19	47867845	142.301	rs296381
19	47881800	21.5229	rs2547231
19	47898636	18.5229	rs2637125
19	48703374	56	rs1047781
19	48725015	35.5229	rs2287921
19	48730149	31.3979	rs281408
19	50858501	27.699	rs17632542
19	50860142	20.0969	rs1058205
19	50861367	36.2218	rs2735839
19	50889862	19.2218	rs1354774
19	54172738	28.699	rs2576452
19	54288907	22.5229	rs386000
19	55308477	18.699	rs1172822
19	55322296	25.301	rs11668344
19	5834201	131.301	rs17271883
19	5839735	55.699	rs3760776
19	5841345	18.0969	rs3760775
19	6718376	41	rs2230199
19	8206837	34	rs7258249
20	10659340	18.5229	rs3790160
20	22056937	38.699	rs6047844
20	23632100	137.699	rs911119
20	3213196	43.3979	rs1127354
20	3213247	75.0458	rs7270101
20	33745375	21.2218	rs7274811
20	35142584	36.1549	rs6120849
20	35436182	36.0969	rs224333
20	35437976	58	rs143384
20	38215636	28.301	rs6127471
20	44413724	24	rs1800961
20	44436388	43	rs6017342
20	45906012	30.699	rs6065904
20	45916409	41.699	rs4810479
20	45925376	39.301	rs6065906
20	49286482	20	rs237743
20	59176062	22.2218	rs6015450
20	63678486	18.301	rs6010620
20	63717555	23	rs6062504
20	6645571	23.699	rs2145272
20	7125642	39	rs1884302
2	102159742	19.2218	rs13019803
2	102316102	93.1549	rs950880
2	102332172	35	rs1420103
2	102336984	29.699	rs17639215
2	102340831	38.699	rs13029918
2	102348932	26.699	rs12999542
2	102454108	19.5229	rs917997
2	102532641	32.5229	rs1014286
2	113074756	25.699	rs6743376
2	113083453	18.2218	rs6734238
21	15445619	29.0458	rs2823286
2	127135234	43.1549	rs6733839
2	127419801	35.3979	rs1158867
21	34985564	21.0969	rs2014300
2	135080336	44.0969	rs7570971
21	39093252	19.0969	rs2242944
21	39093608	47.301	rs2836878
21	43066854	23.3979	rs234709
21	43067923	25.5229	rs234714
21	44195858	25.699	rs7282490
2	160060986	28.0458	rs4664308
2	161994637	20.699	rs12617656
2	164694691	19.3979	rs7607980
2	172446825	22.0458	rs12621278
2	178856319	25.3979	rs17362588
2	181454574	22.5229	rs1449263
2	190673836	18.699	rs10931468
2	191079016	18.3979	rs11889341
2	203874196	24.5229	rs3087243
2	20703255	39.699	rs4971516
2	20983311	46.3979	rs6754295
2	210009522	134	rs3738934
2	21002409	30	rs1042034
2	21008652	46.5229	rs676210
2	21009323	22.0458	rs693
2	210195326	59.5229	rs2286963
2	210210185	28.3979	rs3764913
2	21041028	138.523	rs1367117
2	21063185	19.699	rs515135
2	210678331	146.699	rs715
2	210752170	26.699	rs2216405
2	21174310	30.5229	rs506585
2	217041109	56.699	rs13387042
22	18972171	58.5229	rs2540641
22	18979104	69.699	rs2540647
22	18984937	21.699	rs2023634
22	19963748	177.301	rs4680
22	24594246	52.1549	rs4820599
22	24600663	19.0969	rs5751902
22	24603137	109	rs2073398
2	226155937	19.301	rs7578326
22	28719078	21.699	rs4822983
2	231933256	21.2218	rs2580816
2	233264857	69.3979	rs12994997
2	233271764	31.699	rs3828309
2	233730664	41	rs11891311
2	233759924	167.523	rs887829
2	233760498	68.301	rs4148323
2	233763993	89	rs6742078
2	233764076	116.301	rs4148324
2	233764663	61.301	rs4148325
2	233790144	22.1549	rs2361502
22	36220399	18.699	rs4821469
22	37185445	19.301	rs229527
22	39263768	32.3979	rs2413583
2	240630275	20.5229	rs3749171
2	240880379	19.5229	rs4675874
22	43104206	28.2218	rs5759167
22	43937814	19.699	rs2896019
22	46025962	32.5229	rs6519955
2	24935139	21.2218	rs713586
22	50532837	22.301	rs140522
2	27508073	77	rs1260326
2	27525757	18.699	rs1260333
2	31585905	21.3979	rs559555
2	32053713	18.5229	rs7577696
2	43494369	22.5229	rs12478601
2	43845437	72.5229	rs4299376
2	43846517	24.2218	rs41360247
2	43846742	19.699	rs6544713
2	46127912	18.5229	rs4953318
2	55884174	34.5229	rs3791675
2	60490908	30.2218	rs1427407
2	60493111	34.1549	rs11886868
2	60977721	31.0458	rs7608910
2	622827	48.5229	rs2867125
2	624034	39.5229	rs6711012
2	646364	23.2218	rs10189761
2	64993776	21.5229	rs2160387
2	66554321	48.5229	rs2300478
2	73525241	51	rs10469966
2	73558231	160.301	rs6546847
2	73591809	251.301	rs13391552
2	73610828	23	rs6546857
2	73641201	156.097	rs13538
2	73673773	122.097	rs10206899
3	112657461	18.699	rs12634229
3	122274400	21.699	rs17251221
3	122284910	85.0458	rs1801725
3	123377973	19.2218	rs9883204
3	133775510	42.301	rs1049296
3	141386728	85.5229	rs724016
3	141414608	46.3979	rs1991431
3	142930268	28.2218	rs9832727
3	152112520	20.5229	rs11712066
3	156689208	28.699	rs7651446
3	157080684	20.2218	rs1482853
3	157080986	37.3979	rs900400
3	165773492	91.2218	rs1803274
3	170412314	21.1549	rs10936632
3	186672838	111	rs9898
3	186742138	202.699	rs710446
3	186748463	20.3979	rs1656966
3	186812695	18.0458	rs266717
3	186830776	41.699	rs6810075
3	186831906	21.699	rs10937273
3	186836503	19	rs864265
3	186842993	43.301	rs182052
3	186852664	41	rs17366568
3	187005156	18.301	rs7652995
3	187995930	29.0458	rs10937329
3	187999752	20.5229	rs4686914
3	196107486	18.1549	rs11717368
3	27374522	29.699	rs4973768
3	30712081	20.0969	rs6804368
3	33023847	20.2218	rs7613051
3	38550915	19.5229	rs1805126
3	38582762	42.301	rs3922844
3	38616408	21.2218	rs11710077
3	38678444	19.699	rs9851724
3	38725184	26.301	rs6795970
3	38725824	26.0969	rs6801957
3	38736063	68	rs10428132
3	41087073	24.3979	rs430727
3	45772602	20	rs17279437
3	49684099	47	rs3197999
3	56815721	33.0458	rs1354034
3	56831748	30.2218	rs12485738
3	66748526	19	rs13069000
4	10054752	70.0458	rs7671266
4	10329670	51.699	rs4698036
4	105767747	22.699	rs10516526
4	1101493	23.5229	rs3796619
4	110784612	73.699	rs6817105
4	110787131	62.3979	rs17042171
4	144647200	20.3979	rs7689420
4	145873469	26.5229	rs4547811
4	154530607	35.699	rs12511469
4	154561591	29.699	rs1800789
4	154562762	39	rs1800788
4	154567669	38.0969	rs6056
4	154586438	89.0458	rs6050
4	154621096	109	rs7681423
4	158707999	56.699	rs4690909
4	158709665	37.0458	rs8396
4	1732512	24.1549	rs798766
4	17950585	21.5229	rs6845078
4	18031865	45.1549	rs6449353
4	186227233	51.3979	rs4253238
4	186236304	21.5229	rs4253252
4	186236880	26.0458	rs3733402
4	186253529	47.3979	rs4253311
4	186286227	42.2218	rs2289252
4	188199757	20.5229	rs6857559
4	22822398	38.699	rs3099557
4	24576474	25.5229	rs6841898
4	38809930	20.301	rs2101521
4	47549846	18.699	rs13106975
4	47561431	18.0969	rs10938494
4	54528005	24.5229	rs218237
4	54528857	38.5229	rs218238
4	54541595	27	rs172629
4	71742398	90.301	rs705117
4	71752617	246	rs7041
4	76447694	19	rs17319721
4	80243569	24.0458	rs1458038
4	80263187	21	rs16998073
4	81228852	27.0458	rs788867
4	83452469	18.699	rs4693089
4	85719996	19.2218	rs7692808
4	88038770	29.3979	rs2725220
4	88117930	31.699	rs1481012
4	88131171	41.5229	rs2231142
4	88143429	19.3979	rs3114018
4	88305270	19	rs1440581
4	89716450	64.2218	rs356219
4	9914117	30.0458	rs11722228
4	9920543	167.155	rs16890979
4	9924068	92.2218	rs938554
4	9925343	18.699	rs13129697
4	9925996	67.2218	rs6838021
4	9945032	25.3979	rs4475146
4	9954455	33.2218	rs4481233
4	9964756	69.5229	rs7442295
4	9993558	64.699	rs3775948
5	1279913	23.5229	rs2242652
5	1287079	39.5229	rs2853677
5	1308437	23.301	rs4635969
5	132316836	40.699	rs11950562
5	132325463	25	rs273913
5	132329685	50.5229	rs272889
5	132406004	28.3979	rs2405522
5	132420366	20.699	rs11242111
5	132433482	47.699	rs2106854
5	132435113	52	rs2188962
5	132448701	20	rs12521868
5	150890858	18.0969	rs7714584
5	150898347	36.5229	rs11741861
5	151098757	20	rs17728338
5	156963286	40.301	rs6882076
5	159290781	27.699	rs2082412
5	159399784	42	rs6871626
5	176951573	31.0458	rs365132
5	177414338	87.2218	rs2545801
5	177415473	25.2218	rs2731672
5	23542602	100	rs2914276
5	32830415	20.699	rs1173727
5	35000690	28.5229	rs7717823
5	35045640	36.0458	rs40200
5	40410482	81.699	rs11742570
5	40791782	28.0969	rs13361707
5	44706396	36.699	rs10941679
5	56148856	22.0969	rs7731626
5	59111944	18.699	rs10052657
5	75352778	20	rs12654264
5	75355259	18.5229	rs3846662
5	75360714	73.301	rs12916
5	77234524	25.699	rs6885099
5	77239986	26.5229	rs2046045
5	79020653	27.0458	rs921943
5	79050946	19	rs16876394
5	89080244	60.3979	rs1366594
5	96788627	26.699	rs30187
6	105987150	19.0969	rs6568421
6	109305762	25.2218	rs1008084
6	10968908	35.5229	rs4713103
6	10982740	43	rs3734398
6	11072089	22	rs9393915
6	111352511	19.301	rs240993
6	118346359	20.0969	rs11153730
6	118672469	21.301	rs11756438
6	121810339	33	rs1015451
6	12296022	27	rs5370
6	130027974	21	rs6569648
6	135106021	18.5229	rs9389269
6	135106679	41.1549	rs9402686
6	137651931	18.3979	rs2327832
6	137906227	28.699	rs7752903
6	139518286	24.301	rs643381
6	139523292	35.301	rs590856
6	142334664	20	rs7741741
6	142476152	33	rs7763064
6	147359223	22	rs9390459
6	147650438	22.699	rs1302019
6	150036876	18.3979	rs9479482
6	151586613	34.3979	rs4869742
6	160143444	48.301	rs662138
6	160157828	22.5229	rs1564348
6	160248049	285.523	rs316020
6	160249250	258.699	rs316019
6	165632995	24	rs753760
6	166960059	20.1549	rs1819333
6	167119305	18.0969	rs3093024
6	167127354	34.301	rs1571878
6	20641105	18.5229	rs9348440
6	20679478	25.699	rs7756992
6	20687890	21.699	rs10440833
6	24491247	25.2218	rs1883415
6	25818360	26	rs1185567
6	25821388	69.1549	rs1165151
6	25842723	66.301	rs1408272
6	25870314	28.3979	rs1165205
6	26200449	25	rs806794
6	29938914	66.301	rs2860580
6	29950322	19.3979	rs2517713
6	29952555	21.699	rs9260489
6	29967473	19.699	rs3893464
6	29974306	22.0458	rs3823355
6	30049294	28.5229	rs6917603
6	30908375	47.5229	rs1052693
6	31131800	19.699	rs4959053
6	31143579	66.3979	rs9263739
6	31270541	22.699	rs9264638
6	31273332	71.699	rs13191343
6	31284619	27.699	rs2524054
6	31285148	31.3979	rs12191877
6	31291060	32.699	rs9468925
6	31295974	32.5229	rs2894207
6	31306603	27.301	rs9264942
6	31306778	213.398	rs10484554
6	31368323	303.301	rs7743761
6	31382927	64.699	rs1521
6	31398010	200	rs4349859
6	31412752	28.0969	rs2256183
6	31464003	25	rs2395029
6	31590014	54	rs11575839
6	31753256	51.699	rs3131379
6	31810752	96.2218	rs2075799
6	31869289	48	rs11966200
6	31902549	20.0969	rs558702
6	31962685	88.3979	rs429608
6	32051969	22	rs2857009
6	32082981	28.2218	rs1150754
6	32183666	21	rs2070600
6	32190542	19.0969	rs176095
6	32197667	71.3979	rs2071278
6	32216568	22.3979	rs404860
6	32222629	20.0458	rs443198
6	32240547	20.301	rs424232
6	32315077	123.699	rs6910071
6	32338202	24.1549	rs3129900
6	32341131	18.301	rs9469099
6	32369853	21.699	rs2273017
6	32405921	18.1549	rs3806156
6	32409011	65.0458	rs3763317
6	32433440	24.699	rs3135338
6	32440750	100	rs9268645
6	32444658	21	rs3177928
6	32445274	224.398	rs3135388
6	32445768	206	rs3129889
6	32460508	30.1549	rs6903608
6	32460995	250	rs9268839
6	32463370	22.3979	rs9268877
6	32465390	30.3979	rs2395185
6	32533367	51.0458	rs2157337
6	32601914	18.5229	rs477515
6	32606214	23.301	rs9270984
6	32606394	26.0969	rs615672
6	32609603	19.3979	rs660895
6	32623176	36.0458	rs9271588
6	32624423	19.699	rs9271640
6	32632222	21.301	rs9272105
6	32633026	21.5229	rs9272143
6	32634492	45	rs9272219
6	32635230	20	rs2040406
6	32638107	77.699	rs2187668
6	32644620	132.301	rs6927022
6	32689801	33.3979	rs7774434
6	32696074	32.1549	rs6457617
6	32697643	29	rs10484561
6	32702478	23.699	rs2856718
6	32703326	57.699	rs13192471
6	32713151	58.0458	rs7765379
6	32713854	25.699	rs9275596
6	32762309	21.5229	rs2051549
6	32768918	21.5229	rs9276606
6	32836293	82.0458	rs241428
6	33065245	38.301	rs3077
6	33087761	49.699	rs9277554
6	33092341	64.699	rs2281388
6	33102116	71	rs3117242
6	33104395	24.0458	rs4282438
6	34231315	27.0969	rs2780226
6	36651044	24.301	rs1321313
6	36655602	26.5229	rs9470361
6	38398097	21.0969	rs9357271
6	396321	28	rs12203592
6	4145964	37.3979	rs9392556
6	41946640	39.699	rs9349204
6	41957421	19.0969	rs9349205
6	41957552	18.1549	rs11970772
6	42958065	62.699	rs9296404
6	43929990	25.699	rs9472155
6	46714342	18.5229	rs1362931
6	46716485	22.699	rs1805017
6	50830813	21.301	rs2206277
6	50877777	18.5229	rs2207139
6	6317893	141.097	rs3024321
6	6318562	185.523	rs5985
6	7101851	23	rs675209
6	7562999	19	rs2076295
6	7725527	23	rs3812163
7	100417834	73.1549	rs13222543
7	100642673	19.699	rs2075672
7	100899511	26.0969	rs13245899
7	101126257	23.5229	rs2227631
7	106718770	24.2218	rs342275
7	106731773	21.301	rs342293
7	107839870	25.699	rs4380874
7	121107254	21.5229	rs13223036
7	121118845	37	rs798943
7	121334711	50.5229	rs3801387
7	121378525	27	rs917727
7	121393067	19.2218	rs7776725
7	129055929	29	rs13239597
7	129077852	18.3979	rs12537284
7	138103746	19.3979	rs6980334
7	141972804	61.699	rs10246939
7	141973545	103.699	rs713598
7	15024684	20.5229	rs2191349
7	17244953	18.699	rs4410790
7	25831489	24	rs1055144
7	2720161	22.3979	rs798554
7	2762169	32.699	rs798489
7	28150327	24.2218	rs1708299
7	33216427	19.2218	rs10262453
7	37949493	38.2218	rs16879765
7	38088724	37.3979	rs6959212
7	44189469	21.699	rs1799884
7	44196069	55.0969	rs4607517
7	45968511	100.523	rs11977526
7	46713955	20.3979	rs700752
7	50402283	32.5229	rs11980379
7	50402906	19	rs4132601
7	50405553	28.699	rs6964969
7	74711703	53	rs117026326
7	92618762	28	rs42235
7	95325384	115.301	rs854572
7	96491363	47.0969	rs4727338
7	99521178	35.5229	rs11761528
7	99543750	112.046	rs10278040
7	99566328	74.5229	rs11974702
7	99587155	138.097	rs7809615
7	99642556	108.699	rs10242455
7	99891948	39.0458	rs17277546
8	11482672	23.699	rs7812879
8	117173494	19.5229	rs11558471
8	125465736	20	rs2001945
8	125478730	64.699	rs2954029
8	127343372	27	rs13281615
8	127412547	25.0458	rs7014346
8	127505328	18.5229	rs4242382
8	127527115	25	rs7837688
8	127705823	37.3979	rs9642880
8	128933908	34.301	rs987525
8	129601368	19.5229	rs10098310
8	129673211	20.301	rs4295627
8	129713419	27.699	rs6470764
8	142680513	32.699	rs2294008
8	144084619	58.699	rs6558295
8	144100505	109.222	rs12550729
8	18401856	57.3979	rs721399
8	18414867	46.5229	rs4921913
8	18414928	60	rs4921914
8	18415371	27	rs1495741
8	18415790	39.699	rs1495743
8	19961817	25.0969	rs325
8	19970337	25.3979	rs10105606
8	19986711	149	rs12678919
8	19990179	42.0969	rs10503669
8	27610169	24.5229	rs9331896
8	48972258	21.5229	rs17641971
8	49112385	31.5229	rs10504073
8	56281604	26.0969	rs7460090
8	9325848	35.699	rs9987289
9	104858554	25.2218	rs9282541
9	104902020	52.2218	rs1883025
9	108126198	34	rs865686
9	111153625	21.699	rs10980800
9	114783386	45.301	rs6478106
9	114790969	31.5229	rs4246905
9	114796423	20.5229	rs6478108
9	12396731	19	rs13289810
9	129112362	20.5229	rs7849270
9	130603440	21.5229	rs7851693
9	133256074	23.699	rs8176741
9	133257486	20.5229	rs8176720
9	133257521	20.3979	rs8176719
9	133260148	33.3979	rs8176704
9	133261662	51.699	rs687621
9	133263862	19	rs657152
9	133266804	46.3979	rs644234
9	133266942	49	rs643434
9	133268030	39.0458	rs612169
9	133278431	19.2218	rs651007
9	133278724	28	rs579459
9	133278860	36.0458	rs649129
9	133279294	33.2218	rs495828
9	133279427	34.5229	rs9411489
9	133290774	26.5229	rs7025162
9	133458632	20.0969	rs4962153
9	136371953	55.3979	rs10781499
9	136968181	23	rs57024841
9	16915023	28.3979	rs3814113
9	22083405	21.699	rs1333040
9	22096056	44.0969	rs10757274
9	22098575	22	rs4977574
9	22124478	20	rs10757278
9	22125504	55.5229	rs1333049 
9	22134095	27	rs10811661
9	2691186	39	rs10738760
9	4744743	48.5229	rs409801
9	4814948	29	rs13300663
9	4981602	44.0969	rs10758669
9	5070831	19.3979	rs10974944
X	107001537	21.699	rs12688220
X	120733621	24	rs1972809
X	50439186	20.5229	rs1934179
X	5266661	24.699	rs6638512
X	67343176	90.699	rs2497938
X	69578860	18.1549	rs11796357
X	79241621	32.699	rs5912838
